WorkRaveStats 4
D 24 7 126 13 29 24 7 126 13 29
B 0 7 0 0 0 0 0 0 0 
B 1 7 0 0 0 0 0 0 0 
B 2 7 0 0 0 0 0 0 0 
m 6 84 18993 9051 31 37 2 
D 25 7 126 10 29 25 7 126 20 6
B 0 7 6 0 0 0 1 2 210 
B 1 7 0 0 0 0 0 0 0 
B 2 7 0 0 0 0 0 0 0 
m 6 848 164250 82503 147 235 132 
D 28 7 126 21 26 28 7 126 22 27
B 0 7 0 0 2 0 0 0 0 
B 1 7 0 0 1 0 0 0 0 
B 2 7 0 0 0 0 0 0 0 
m 6 267 69879 25936 82 58 0 
D 29 7 126 15 15 30 7 126 1 46
B 0 7 0 0 1 0 0 0 0 
B 1 7 0 0 1 0 0 0 0 
B 2 7 0 0 0 0 0 0 0 
m 6 71 18350 5092 11 15 0 
D 31 7 126 10 48 31 7 126 10 48
B 0 7 0 0 0 0 0 0 0 
B 1 7 0 0 0 0 0 0 0 
B 2 7 0 0 0 0 0 0 0 
m 6 12 3517 937 3 4 0 
D 1 8 126 7 48 1 8 126 22 12
B 0 7 1 0 41 0 0 1 0 
B 1 7 0 0 1 0 0 0 0 
B 2 7 0 0 0 0 0 0 0 
m 6 2521 281633 128585 344 410 100 
D 2 8 126 9 15 2 8 126 9 17
B 0 7 0 0 2 0 0 0 0 
B 1 7 0 0 0 0 0 0 0 
B 2 7 0 0 0 0 0 0 0 
m 6 89 13673 3012 27 14 1 
D 3 8 126 9 27 3 8 126 23 28
B 0 7 2 0 2 0 0 1 0 
B 1 7 0 0 1 0 0 0 0 
B 2 7 0 0 0 0 0 0 0 
m 6 1113 169509 81526 21 302 117 
D 4 8 126 13 27 4 8 126 13 27
B 0 7 0 0 0 0 0 0 0 
B 1 7 0 0 0 0 0 0 0 
B 2 7 0 0 0 0 0 0 0 
m 6 4 1783 14 2 2 0 
D 6 8 126 8 10 6 8 126 23 38
B 0 7 0 0 1 0 0 0 0 
B 1 7 0 0 0 0 0 0 0 
B 2 7 0 0 0 0 0 0 0 
m 6 210 57594 19033 0 44 0 
D 7 8 126 10 22 7 8 126 21 23
B 0 7 0 0 2 0 0 0 0 
B 1 7 0 0 0 0 0 0 0 
B 2 7 0 0 0 0 0 0 0 
m 6 123 19967 6902 0 14 0 
D 8 8 126 8 52 8 8 126 21 1
B 0 7 0 0 1 0 0 0 0 
B 1 7 0 0 0 0 0 0 0 
B 2 7 0 0 0 0 0 0 0 
m 6 19 11737 1829 6 12 0 
D 9 8 126 7 12 9 8 126 21 57
B 0 7 1 0 7 0 0 1 0 
B 1 7 0 0 0 0 0 0 0 
B 2 7 0 0 0 0 0 0 0 
m 6 483 54672 16914 14 90 12 
D 10 8 126 6 11 10 8 126 22 5
B 0 7 1 0 3 0 0 1 24 
B 1 7 0 0 0 0 0 0 0 
B 2 7 0 0 0 0 0 0 0 
m 6 750 118933 50459 0 142 114 
D 11 8 126 7 17 11 8 126 21 45
B 0 7 0 0 0 0 0 0 0 
B 1 7 0 0 0 0 0 0 0 
B 2 7 0 0 0 0 0 0 0 
m 6 43 10674 4024 3 18 0 
D 12 8 126 5 23 12 8 126 10 25
B 0 7 0 0 6 0 0 0 0 
B 1 7 0 0 0 0 0 0 0 
B 2 7 0 0 0 0 0 0 0 
m 6 368 96227 47275 0 131 6 
D 14 8 126 4 53 14 8 126 4 53
B 0 7 0 0 0 0 0 0 0 
B 1 7 0 0 0 0 0 0 0 
B 2 7 0 0 0 0 0 0 0 
m 6 36 2464 2278 7 12 0 
D 15 8 126 6 22 15 8 126 6 22
B 0 7 0 0 0 0 0 0 0 
B 1 7 0 0 0 0 0 0 0 
B 2 7 0 0 0 0 0 0 0 
m 6 28 7192 2123 12 9 0 
D 16 8 126 9 31 16 8 126 22 54
B 0 7 0 0 0 0 0 0 0 
B 1 7 0 0 0 0 0 0 0 
B 2 7 0 0 0 0 0 0 0 
m 6 183 34961 11906 8 34 0 
D 17 8 126 10 13 17 8 126 21 53
B 0 7 2 0 1 0 0 1 0 
B 1 7 0 0 0 0 0 0 0 
B 2 7 0 0 0 0 0 0 0 
m 6 466 58170 23363 0 62 608 
D 18 8 126 23 25 18 8 126 23 25
B 0 7 0 0 0 0 0 0 0 
B 1 7 0 0 0 0 0 0 0 
B 2 7 0 0 0 0 0 0 0 
m 6 18 3238 1403 11 8 0 
D 19 8 126 8 3 19 8 126 8 3
B 0 7 0 0 0 0 0 0 0 
B 1 7 0 0 0 0 0 0 0 
B 2 7 0 0 0 0 0 0 0 
m 6 9 3178 2042 0 6 0 
D 20 8 126 7 59 20 8 126 15 44
B 0 7 0 0 4 0 0 0 0 
B 1 7 0 0 0 0 0 0 0 
B 2 7 0 0 0 0 0 0 0 
m 6 486 81967 48663 56 148 18 
D 25 8 126 22 56 25 8 126 23 3
B 0 7 0 0 2 0 0 0 0 
B 1 7 0 0 0 0 0 0 0 
B 2 7 0 0 0 0 0 0 0 
m 6 451 153720 56742 0 105 3 
D 26 8 126 9 17 26 8 126 21 41
B 0 7 0 0 2 0 0 0 0 
B 1 7 0 0 0 0 0 0 0 
B 2 7 0 0 0 0 0 0 0 
m 6 30 12423 2711 6 11 0 
